-0.06226
  0.1481
 -0.1594
 0.02939
  0.1776
 -0.2526
 0.04597
  0.2594
 -0.2482
 -0.1422
  0.3475
 0.02959
 -0.3874
 0.02322
  0.4152
       0
 -0.4401
 -0.1064
  0.4271
  0.2842
 -0.3079
 -0.4647
 0.03037
     0.5
   0.341
 -0.2396
 -0.5544
 -0.2586
  0.3182
  0.5827
  0.2866
 -0.2798
 -0.6065
 -0.4236
  0.1049
  0.5579
  0.6011
   0.217
 -0.3184
 -0.6499
 -0.5764
 -0.1559
   0.357
  0.6749
  0.6354
  0.2711
 -0.2277
 -0.6207
 -0.7331
 -0.5257
-0.09691
  0.3718
  0.6964
  0.7602
  0.5492
  0.1467
 -0.3052
 -0.6583
 -0.8056
 -0.7098
 -0.4075
 0.009163
   0.423
  0.7254
  0.8435
  0.7548
  0.4874
  0.1087
 -0.2934
 -0.6317
 -0.8382
 -0.8757
 -0.7426
 -0.4699
 -0.1119
  0.2649
  0.5952
  0.8256
  0.9221
   0.874
  0.6932
  0.4109
 0.07068
 -0.2783
 -0.5886
 -0.8207
 -0.9477
  -0.957
 -0.8514
 -0.6467
 -0.3693
-0.05207
  0.2695
  0.5618
  0.7959
  0.9504
   1.013
  0.9801
   0.858
  0.6603
  0.4061
  0.1187
 -0.1772
 -0.4579
 -0.7016
 -0.8911
  -1.014
  -1.063
  -1.036
 -0.9388
 -0.7789
 -0.5685
 -0.3228
-0.05792
  0.2093
  0.4631
  0.6889
  0.8747
   1.011
   1.093
   1.116
   1.082
  0.9932
   0.856
  0.6782
  0.4692
  0.2395
       0
 -0.2385
 -0.4656
 -0.6722
 -0.8502
 -0.9932
  -1.096
  -1.157
  -1.173
  -1.146
  -1.078
 -0.9718
 -0.8323
 -0.6651
 -0.4764
 -0.2731
-0.06192
  0.1503
   0.357
   0.552
    0.73
  0.8861
   1.017
   1.118
   1.189
   1.228
   1.234
   1.209
   1.154
    1.07
   0.961
  0.8295
  0.6793
  0.5141
  0.3382
  0.1556
-0.02964
 -0.2134
  -0.392
 -0.5618
 -0.7195
 -0.8625
 -0.9881
  -1.094
   -1.18
  -1.243
  -1.284
  -1.302
  -1.297
  -1.271
  -1.223
  -1.155
  -1.068
  -0.965
 -0.8473
  -0.717
 -0.5764
 -0.4279
 -0.2737
 -0.1162
 0.04222
  0.1994
  0.3532
  0.5016
  0.6428
   0.775
  0.8968
   1.007
   1.104
   1.187
   1.256
   1.309
   1.347
    1.37
   1.377
   1.368
   1.345
   1.308
   1.257
   1.193
   1.117
    1.03
   0.933
  0.8275
  0.7145
  0.5951
  0.4707
  0.3425
  0.2117
 0.07946
-0.05288
 -0.1842
 -0.3135
 -0.4396
 -0.5615
 -0.6784
 -0.7893
 -0.8935
 -0.9903
  -1.079
  -1.159
   -1.23
  -1.292
  -1.344
  -1.387
  -1.419
  -1.441
  -1.454
  -1.456
  -1.449
  -1.432
  -1.406
  -1.371
  -1.327
  -1.275
  -1.216
  -1.149
  -1.076
 -0.9967
  -0.912
 -0.8223
 -0.7283
 -0.6305
 -0.5297
 -0.4264
 -0.3211
 -0.2146
 -0.1074
       0
   0.107
   0.213
  0.3175
  0.4201
  0.5202
  0.6174
  0.7114
  0.8016
  0.8879
  0.9697
   1.047
   1.119
   1.186
   1.248
   1.304
   1.354
   1.399
   1.437
    1.47
   1.496
   1.517
   1.531
   1.539
   1.542
   1.539
   1.529
   1.515
   1.495
   1.469
   1.438
   1.403
   1.362
   1.318
   1.268
   1.215
   1.158
   1.097
   1.033
   0.966
  0.8961
  0.8236
  0.7489
  0.6721
  0.5935
  0.5135
  0.4323
  0.3501
  0.2672
  0.1838
  0.1002
 0.01669
 -0.0666
 -0.1494
 -0.2315
 -0.3126
 -0.3927
 -0.4714
 -0.5486
 -0.6241
 -0.6977
 -0.7693
 -0.8388
 -0.9059
 -0.9706
  -1.033
  -1.092
  -1.149
  -1.203
  -1.253
  -1.301
  -1.346
  -1.387
  -1.426
  -1.461
  -1.493
  -1.521
  -1.546
  -1.568
  -1.586
  -1.602
  -1.613
  -1.622
  -1.627
   -1.63
  -1.628
  -1.624
  -1.617
  -1.607
  -1.593
  -1.577
  -1.558
  -1.536
  -1.512
  -1.485
  -1.455
  -1.423
  -1.389
  -1.352
  -1.314
  -1.273
   -1.23
  -1.185
  -1.139
  -1.091
  -1.041
 -0.9901
 -0.9377
 -0.8839
  -0.829
  -0.773
 -0.7161
 -0.6583
 -0.5997
 -0.5405
 -0.4807
 -0.4204
 -0.3597
 -0.2987
 -0.2376
 -0.1763
  -0.115
-0.05377
 0.007322
 0.06818
  0.1287
  0.1889
  0.2486
  0.3078
  0.3664
  0.4243
  0.4815
  0.5379
  0.5934
   0.648
  0.7016
  0.7542
  0.8057
  0.8561
  0.9054
  0.9534
       1
   1.046
    1.09
   1.132
   1.174
   1.214
   1.252
   1.289
   1.325
   1.359
   1.391
   1.422
   1.451
   1.479
   1.505
    1.53
   1.553
   1.574
   1.594
   1.612
   1.628
   1.643
   1.656
   1.668
   1.678
   1.687
   1.694
   1.699
   1.703
   1.705
   1.706
   1.705
   1.703
     1.7
   1.695
   1.688
    1.68
   1.671
    1.66
   1.649
   1.635
   1.621
   1.605
   1.588
    1.57
   1.551
   1.531
   1.509
   1.487
   1.463
   1.438
   1.413
   1.386
   1.359
    1.33
   1.301
   1.271
    1.24
   1.209
   1.176
   1.143
    1.11
   1.075
    1.04
   1.005
  0.9686
   0.932
   0.895
  0.8575
  0.8195
  0.7812
  0.7425
  0.7035
  0.6642
  0.6246
  0.5847
  0.5447
  0.5044
   0.464
  0.4235
  0.3828
  0.3421
  0.3013
  0.2604
  0.2196
  0.1788
   0.138
  0.0973
 0.05668
 0.01617
-0.02421
-0.06443
 -0.1045
 -0.1443
  -0.184
 -0.2233
 -0.2625
 -0.3013
 -0.3399
 -0.3782
 -0.4161
 -0.4537
 -0.4909
 -0.5277
 -0.5642
 -0.6002
 -0.6359
  -0.671
 -0.7058
 -0.7401
 -0.7739
 -0.8072
   -0.84
 -0.8723
 -0.9041
 -0.9354
 -0.9661
 -0.9963
  -1.026
  -1.055
  -1.083
  -1.111
  -1.139
  -1.165
  -1.192
  -1.217
  -1.242
  -1.266
   -1.29
  -1.313
  -1.336
  -1.357
  -1.379
  -1.399
  -1.419
  -1.438
  -1.457
  -1.475
  -1.492
  -1.509
  -1.525
   -1.54
  -1.555
  -1.569
  -1.583
  -1.596
  -1.608
  -1.619
   -1.63
   -1.64
   -1.65
  -1.659
  -1.668
  -1.675
  -1.682
  -1.689
  -1.695
    -1.7
  -1.705
  -1.709
  -1.713
  -1.716
  -1.718
   -1.72
  -1.721
  -1.721
  -1.722
  -1.721
   -1.72
  -1.718
  -1.716
  -1.714
   -1.71
  -1.707
  -1.702
  -1.698
  -1.692
  -1.687
   -1.68
  -1.674
  -1.666
  -1.659
   -1.65
  -1.642
  -1.633
  -1.623
  -1.613
  -1.603
  -1.592
  -1.581
   -1.57
  -1.558
  -1.545
  -1.533
  -1.519
  -1.506
  -1.492
  -1.478
  -1.463
  -1.448
  -1.433
  -1.418
  -1.402
  -1.386
  -1.369
  -1.353
  -1.336
  -1.318
  -1.301
  -1.283
  -1.265
  -1.247
  -1.228
  -1.209
   -1.19
  -1.171
  -1.152
  -1.132
  -1.112
  -1.092
  -1.072
  -1.052
  -1.031
   -1.01
 -0.9895
 -0.9685
 -0.9474
 -0.9261
 -0.9047
 -0.8832
 -0.8616
 -0.8399
  -0.818
 -0.7961
 -0.7741
  -0.752
 -0.7298
 -0.7076
 -0.6853
 -0.6629
 -0.6405
  -0.618
 -0.5955
 -0.5729
 -0.5504
 -0.5278
 -0.5052
 -0.4825
 -0.4599
 -0.4373
 -0.4146
  -0.392
 -0.3694
 -0.3468
 -0.3242
 -0.3017
 -0.2791
 -0.2567
 -0.2342
 -0.2118
 -0.1895
 -0.1672
  -0.145
 -0.1228
 -0.1007
-0.07867
-0.05671
-0.03483
-0.01303
 0.008671
 0.03029
 0.05182
 0.07325
 0.09458
  0.1158
  0.1369
  0.1579
  0.1788
  0.1996
  0.2202
  0.2408
  0.2612
  0.2815
  0.3016
  0.3216
  0.3415
  0.3612
  0.3808
  0.4003
  0.4196
  0.4387
  0.4577
  0.4766
  0.4953
  0.5138
  0.5322
  0.5504
  0.5684
  0.5863
   0.604
  0.6216
   0.639
  0.6562
  0.6732
    0.69
  0.7067
  0.7232
  0.7395
  0.7557
  0.7716
  0.7874
   0.803
  0.8184
  0.8336
  0.8486
  0.8635
  0.8781
  0.8926
  0.9068
  0.9209
  0.9348
  0.9485
   0.962
  0.9753
  0.9884
   1.001
   1.014
   1.027
   1.039
   1.051
   1.063
   1.075
   1.086
   1.098
   1.109
    1.12
    1.13
   1.141
   1.151
   1.161
   1.171
   1.181
   1.191
     1.2
   1.209
   1.218
   1.227
   1.236
   1.244
   1.252
    1.26
   1.268
   1.276
   1.283
    1.29
   1.297
   1.304
   1.311
   1.317
   1.324
    1.33
   1.335
   1.341
   1.347
   1.352
   1.357
   1.362
   1.367
   1.372
   1.376
    1.38
   1.384
   1.388
   1.392
   1.395
   1.399
   1.402
   1.405
   1.408
    1.41
   1.413
   1.415
   1.417
   1.419
   1.421
   1.423
   1.424
   1.426
   1.427
   1.428
   1.429
   1.429
    1.43
    1.43
    1.43
    1.43
    1.43
    1.43
    1.43
   1.429
   1.429
   1.428
   1.427
   1.426
   1.424
   1.423
   1.421
    1.42
   1.418
   1.416
   1.414
   1.412
   1.409
   1.407
   1.404
   1.401
   1.399
   1.396
   1.393
   1.389
   1.386
   1.383
   1.379
   1.375
   1.371
   1.367
   1.363
   1.359
   1.355
   1.351
   1.346
   1.342
   1.337
   1.332
   1.327
   1.322
   1.317
   1.312
   1.307
   1.301
   1.296
    1.29
   1.285
   1.279
   1.273
   1.267
   1.261
   1.255
   1.249
   1.243
   1.237
    1.23
   1.224
   1.217
   1.211
   1.204
   1.197
    1.19
   1.184
   1.177
    1.17
   1.163
   1.155
   1.148
   1.141
   1.134
   1.126
   1.119
   1.111
   1.104
   1.096
   1.089
   1.081
   1.073
   1.065
   1.058
    1.05
   1.042
   1.034
   1.026
   1.018
    1.01
   1.002
  0.9934
  0.9852
   0.977
  0.9687
  0.9604
  0.9521
  0.9438
  0.9354
   0.927
  0.9186
  0.9101
  0.9017
  0.8932
  0.8847
  0.8762
  0.8676
   0.859
  0.8505
  0.8419
  0.8333
  0.8247
   0.816
  0.8074
  0.7987
  0.7901
  0.7814
  0.7728
  0.7641
  0.7554
  0.7467
   0.738
  0.7294
  0.7207
   0.712
  0.7033
  0.6947
   0.686
  0.6773
  0.6687
    0.66
  0.6514
  0.6428
  0.6342
  0.6255
   0.617
  0.6084
  0.5998
  0.5913
  0.5827
  0.5742
  0.5657
  0.5573
  0.5488
  0.5404
   0.532
  0.5236
  0.5152
  0.5069
  0.4986
  0.4903
   0.482
  0.4738
  0.4656
  0.4575
  0.4493
  0.4412
  0.4332
  0.4252
  0.4172
  0.4092
  0.4013
  0.3934
  0.3856
  0.3778
    0.37
  0.3623
  0.3546
   0.347
  0.3394
  0.3319
  0.3244
  0.3169
  0.3095
  0.3022
  0.2949
  0.2877
  0.2805
  0.2733
  0.2662
  0.2592
  0.2523
  0.2453
  0.2385
  0.2317
   0.225
  0.2183
  0.2117
  0.2051
  0.1986
  0.1922
  0.1859
  0.1796
  0.1734
  0.1672
  0.1612
  0.1552
  0.1492
  0.1434
  0.1376
  0.1319
  0.1263
  0.1208
  0.1153
  0.1099
  0.1047
 0.09947
 0.09436
 0.08934
 0.08441
 0.07958
 0.07484
  0.0702
 0.06566
 0.06122
 0.05689
 0.05267
 0.04855
 0.04455
 0.04067
 0.03691
 0.03327
 0.02976
 0.02638
 0.02315
 0.02006
 0.01712
 0.01434
 0.01174
 0.009308
 0.00708
 0.005062
 0.003287
 0.001789
 0.0006332
       0
